VERSION: 4
COMMENT: diamond (Dewaele PRB 2008 Vinet, JCPDS 6-0675, dummy EOS)
K0:       444.5
K0P:       4.18
SYMMETRY: CUBIC
A:      3.56621
ALPHAT:      0.000000
DIHKL:   2.0600    100.    1.00    1.00    1.00
DIHKL:   1.2610     27.    2.00    2.00    0.00
DIHKL:   1.0754     16.    3.00    1.00    1.00
DIHKL:   0.8916      7.    4.00    0.00    0.00
DIHKL:   0.8182     15.    3.00    3.00    1.00
