VERSION:   4
COMMENT: B2Mo, R-3m
K0:       100.0
K0P:      30.0
DK0DT:    0.0
DK0PDT:   0.0
SYMMETRY: TRIGONAL
A:        3.02795842
B:        3.02795842
C:        20.9657897
ALPHA:    90.0
BETA:     90.0
GAMMA:    120.0
VOLUME:   166.47218168889546
ALPHAT:   0.0
DALPHADT: 0.0
DIHKL:    6.98859	10.6240 0	0	3
DIHKL:    3.49429   57.3741 0   0   6
DIHKL:    2.60201  100.0000 1   0   1
DIHKL:    2.54390   28.5272 1   0  -2
DIHKL:    2.34516   13.2448 1   0   4
DIHKL:    2.32953    4.9672 0   0   9
DIHKL:    2.22332   39.7613 1   0  -5
DIHKL:    1.97296   60.3608 1	0	7
DIHKL:    1.85369   38.1420 1   0  -8
DIHKL:    1.74715   11.3588 0   0  12
DIHKL:    1.63753    0.0364 1   0  10
DIHKL:    1.54175    6.9229 1   0 -11
DIHKL:    1.51398   31.1697 2  -1   0
DIHKL:    1.47966    0.9794 2  -1   3
DIHKL:    1.39772    3.1753 0   0  15
DIHKL:    1.38919   24.6815 2  -1   6
DIHKL:    1.37374   14.5474 1   0  13
DIHKL:    1.30859   11.1835 2   0  -1
DIHKL:    1.30101    3.5417 2   0   2
DIHKL:    1.30043    9.6074 1   0 -14
DIHKL:    1.27195    1.7164 2	0  -4
DIHKL:    1.26944    4.1272 2  -1	9
DIHKL:    1.25139    5.9149 2	0	5
DIHKL:    1.20109   10.8384 2	0  -7
DIHKL:    1.17258    7.5411 2	0	8
DIHKL:    1.17216    0.7503 1	0  16
DIHKL:    1.16477    1.0287 0	0  18
DIHKL:    1.14417   14.8757 2  -1  12
DIHKL:    1.11602    0.3100 1	0 -17
DIHKL:    1.11166    0.0088 2	0 -10