VERSION:   4
COMMENT: B, P6/mmm
K0:       60.0
K0P:      10.0
DK0DT:    0.0
DK0PDT:   0.0
SYMMETRY: HEXAGONAL
A:        1.71128805
B:        1.71128805
C:        3.735796
ALPHA:    90.0
BETA:     90.0
GAMMA:    120.0
VOLUME:   9.474581147838324
ALPHAT:   0.0
DALPHADT: 0.0
DIHKL:    3.7358	100	0	0	1
DIHKL:    1.8679	9.04532	0	0	2
DIHKL:    1.48202	12.3259	1	0	0
DIHKL:    1.37758	19.6823	1	0	1
DIHKL:    1.24527	2.45095	0	0	3
DIHKL:    1.16098	12.1052	1	0	2
DIHKL:    0.953389	6.80773	1	0	3
DIHKL:    0.933949	1.06184	0	0	4
DIHKL:    0.855644	2.36694	2	-1	0
DIHKL:    0.834047	4.32365	2	-1	1
DIHKL:    0.79014	3.5568	1	0	4
DIHKL:    0.777911	3.36062	2	-1	2
DIHKL:    0.741009	1.40876	2	0	0
DIHKL:    0.726849	2.62896	2	0	1
DIHKL:    0.705212	2.36192	2	-1	3
DIHKL:    0.688789	2.17577	2	0	2
DIHKL:    0.667168	1.95129	1	0	5
DIHKL:    0.636794	1.67158	2	0	3
DIHKL:    0.630902	1.6216	2	-1	4
DIHKL:    0.580491	1.23777	2	0	4
DIHKL:    0.574031	1.19293	1	0	6
DIHKL:    0.562793	1.11654	2	-1	5
DIHKL:    0.560151	1.09883	3	-1	0
DIHKL:    0.553958	2.11534	3	-1	1
DIHKL:    0.536544	1.88788	3	-1	2
DIHKL:    0.526134	0.877032	2	0	5
DIHKL:    0.510847	1.55976	3	-1	3
DIHKL:    0.503449	0.733285	2	-1	6
DIHKL:    0.502121	0.724952	1	0	7
